{
	"filetype" : "C74Snapshot",
	"version" : 2,
	"minorversion" : 0,
	"name" : "mirror",
	"origin" : "mirror",
	"type" : "patcher",
	"subtype" : "Undefined",
	"embed" : 0,
	"snapshot" : 	{
		"valuedictionary" : 		{
			"parameter_values" : 			{
				"Cutoff" : 15830.94488212896249,
				"Cutoff[1]" : 15830.94488212896249,
				"Cutoff[2]" : 7886.14173228346408,
				"Cutoff[3]" : 15830.94488212896249,
				"Feedback" : -49.889763383273916,
				"Feedback[1]" : -2.834645669291319,
				"Feedback[2]" : -3.779527559055111,
				"Feedback[3]" : -19.653543307086636,
				"Feedback[4]" : -7.937007874015777,
				"Gain[1]" : 0.0,
				"Gain[2]" : 0.0,
				"Glide[1]" : 0.0,
				"Glide[2]" : 0.0,
				"HPF[2]" : 20.0,
				"HPF[3]" : 20.0,
				"LPF" : 20000.0,
				"LPF[1]" : 20000.0,
				"LPF[2]" : 20000.0,
				"LPF[3]" : 20000.0,
				"LPF[4]" : 20000.0,
				"Mix" : 71.811024000000003,
				"Mix[1]" : 50.0,
				"Mix[2]" : 50.0,
				"Mix[3]" : 50.393701078740172,
				"Mix[4]" : 71.811024000000003,
				"Mix[5]" : 48.818897637795267,
				"Mix[6]" : 50.0,
				"Mix[7]" : 50.0,
				"Mix[8]" : 71.811024000000003,
				"Quality[1]" : 0.0,
				"Quality[2]" : 0.0,
				"Reflections" : 88.661417,
				"Reflections[1]" : 88.661417,
				"Reflections[2]" : 88.661417,
				"Reflections[3]" : 88.661417,
				"Time" : 6472.440943929131208,
				"Time[1]" : 2141.732282999999825,
				"Time[2]" : 2141.732282999999825,
				"Time[3]" : 2141.732282999999825,
				"bypass" : 0.0,
				"bypass[1]" : 0.0,
				"bypass[2]" : 0.0,
				"bypass[3]" : 0.0,
				"bypass[4]" : 0.0,
				"bypass[5]" : 0.0,
				"bypass[6]" : 0.0,
				"bypass[7]" : 0.0,
				"bypass[8]" : 0.0,
				"live.gain~" : 6.0,
				"live.gain~[1]" : 6.0,
				"live.gain~[2]" : 0.157220016919368,
				"live.gain~[3]" : 0.177132817075517,
				"blob" : 				{
					"HPF" : [ 20.0 ],
					"HPF[1]" : [ 20.0 ],
					"HPF[4]" : [ 20.0 ],
					"delay_left" : [ 10.0 ],
					"delay_left[1]" : [ 9.0 ],
					"delay_right" : [ 3.0 ],
					"delay_right[1]" : [ 3.0 ],
					"time" : [ 861.41732283464512 ],
					"time[1]" : [ 1176.377953141733087 ],
					"time[2]" : [ 735.433070866141634 ]
				}

			}

		}

	}

}
